Beethoven - Moonlight Sonata (Fight Cut)
300
1000
000000
000000
000000
000000
100000
000000
000000
000000
000000
000000
100000
000000
000000
000000
000000
000000
100000
000000



000000
000000
000000
000000
100001
000000
000000
000000
000000
000000
010010
000000
000000
000000
000000
000000
001100
000000
000000
000000
000000
000000
101101
000000
000000
000000
110011
000000
000000
000000
000000
000000
222222
000000
000000
000000
000000
000000
000000
100000
000000
010000
000000
001000
000000
000100
000000
000010
000000
000001
000000
011111
000000
011111
000000
011111
000000
000000
000000
000000
000000
000000
000000
101111
000000
101111
000000
101111
000000
000000
000000
000000
000000
000000
000000
110111
000000
110111
000000
110111
000000
000000
000000
000000
000000
000000
000000
111011
000000
111011
000000
111011
000000
000000
000000
000000
000000
000000
000000
111101
000000
111101
000000
111101
000000
000000
000000
000000
000000
000000
000000
111110
000000
111110
000000
111110
000000
000000
000000
000000
000000
000000
000000
011111
000000
011111
000000
011111
000000
000000
000000
000000
000000
000000
000000
101111
000000
101111
000000
101111
000000
000000
000000
000000
000000
000000
000000
222222
000000
222222
000000
222222
000000
000000
000000
000000
000000
000000
000000
222222
000000
222222
000000
222222
000000