Beethoven - Moonlight Sonata (Fight Cut)
300
1000
100000
000000
000000
000000
000000
000000
100000
000000
000000
000000
000000
000000
100000
000000
000000
000000
000000
000000
011011
000000
000000
000000
000000
000000
011011
000000
000000
000000
000000
000000
011011
000000
000000
000000
000000
000000
110110
000000
000000
000000
000000
000000
110110
000000
000000
000000
000000
000000
110110
000000
000000
000000
000000
101010
000000
101010
000000
101010
000000
000000
000000
000000
000000
000000
000000
010101
000000
010101
000000
010101
000000
000000
000000
000000
000000
000000
000000
200000
000000
200000
000000
200000
000000
020202
000000
020202
000000
020202
000000
100001
000000
000000
000000
000000
000000
010010
000000
000000
000000
000000
000000
010010
000000
010010
000000
010010
000000
001100
000000
001100
000000
001100
000000
222222
000000
000000
000000
000000
000000
222222
000000
222222
000000
101010
000000
101010
000000
101010
000000
000000
222222
000000
222222
000000
222222
000000
222222
000000
000000
000000
000000
000000
222222
000000
222222
000000
101010
000000
101010
000000
101010
000000
010101
000000
010101
000000
010101
000000
010101
000000
222222
000000
222222
000000
222222
000000
000000
000000
000000
000000
000000
000000
222222
000000
222222
000000
222222
000000
010101
000000
010101
000000
010101
000000
010101
000000
010101
000000
010101
000000
010101
000000
000000
000000
000000
000000
000000
000000
000000
000000
000000
000000
000000
000000
000000
000000
000000
000000
000000
000000
000000
000000
000000
000000
100100
000000
010010
000000
001001
000000
000000
000000
222222
222222
101000
000000
010100
000000
001010
000000
100100
000000
010010
000000
010001
000000
222222
222222
101000
000000
010100
000000
001010
000000
100100
000000
010010
000000
010001
000000
222222
222222
101000
000000
010100
000000
001010
000000
100100
000000
010010
000000
010001
000000
000000
000000
222222
222222
000000
000000
101010
101010
101010
101010
101010
101010
101010
101010
101010
101010
101010
000000
000000
010101
010101
010101
010101
010101
010101
010101
010101
010101
010101
010101
010101
010101
010101
010101
010101
000000
121212
121212
000000
000000
212121
212121
000000
000000
222222
222222
222222
222222
222222
222222
222222
